# ([id, position, orientation, length], [etc])
# position = x, y; orientation: nz = 1 ew = 2

Game #1
board
[0,0,3,2,2,4]
[0,0,3,0,0,4]
[0,0,3,1,1,4]
[0,0,0,5,6,6]
[7,8,8,5,0,0]
[7,0,0,5,8,8]
chupachups:
[
[1,[4,3],2,2],
[2,[4,1],2],
[3,[3,1],1,3],
[4,[6,1],1,3],
[5,[4,4],1,3],
[6,[5,4],2,2],
[7,[1,5],1,2],
[8,[5,6],2,2]
]

Game #2
board
[ 0, 0, 2, 2, 3, 3]
[ 0, 4, 4, 5, 5, 6]
[ 0, 0, 1, 1, 7, 6]
[ 8, 8, 9, 9, 7, 6]
[10, 0, 0,11,12,12]
[10, 0, 0,11,13,13]
chupachups:
[
[1,[3,3],2,2],
[2,[3,1],2,2],
[3,[5,1],2,2],
[4,[2,2],2,2],
[5,[4,2],2,2],
[6,[6,2],1,3],
[7,[5,3],1,2],
[8,[1,4],2,2],
[9,[3,4],2,2],
[10,[1,5],1,2],
[11,[4,5],1,2],
[12,[5,5],2,2],
[13,[6,5],2,2]
]

Game #3
board
[ 0, 2, 2, 3, 3, 3]
[ 0, 4, 4, 5, 6, 6]
[ 1, 1, 7, 5, 0, 8]
[ 9, 9, 7,10,10, 8]
[11, 0,12, 0,13,13]
[11, 0,12, 0, 0, 0]
chupachups:
[
[1,[1,3],2,2],
[2,[2,1],2,2],
[3,[4,1],2,3],
[4,[2,2],2,2],
[5,[4,2],1,2],
[6,[5,2],2,2],
[7,[3,3],1,2],
[8,[6,3],1,2],
[9,[4,1],2,2],
[10,[4,4],2,2],
[11,[1,5],1,2],
[12,[3,5],1,2],
[13,[5,5],2,2]
]
